the number of flows in the Cuckoo hash table: 919
1930470000
1328848983
1323627002
1279919013
2107791010
1390102978
1506500025
824813961
1479553991
0
1474162020
1683282021
1676384050
899505986
45909985
474645953
329982078
1995780014
891595060
1127814077
623880042
1016021
33116993
1415628008
705573024
984883975
1151110988
1509038036
1131219019
723473050
588507030
1187801048
0
23057079
200550034
0
1750784036
329819043
13294025
731866039
26849039
1067366055
1171595069
619006043
1374007067
965459066
875268046
531784017
2107238079
1695674049
1909673050
1190107060
519593052
1350208053
1498830040
496178055
0
1730171023
1294233052
1579731059
1720743060
199705061
675744033
222339017
364247064
1364933078
1326232124
11618067
261985068
192875042
698163008
2094811040
1651503103
2083412055
2005611074
340802052
392948083
1793141099
1740371097
1326660049
911683080
418162079
803736082
1713197060
1739290084
1585737058
859567089
117227088
300298088
340766089
1573244036
0
384326092
865761093
912994097
1363327095
2085007046
1389602097
1609517098
1110177099
635385100
1018254101
1181740152
918731103
1926520086
1990194105
2013474106
1705302117
2139566108
2005132114
1655813110
2106658111
1532408111
990983113
241163114
1250626115
1495448116
1797067122
2137708105
443089121
670661151
1125108135
209647122
744214132
1015317147
1984304125
788545126
1232230097
1383443111
1252004129
565969108
522503131
553298154
1962167106
131624153
1558358135
311252136
2115161137
2061605133
0
0
695295131
168049142
232292113
1183608144
43488175
958261146
573897147
1720295155
1238390203
459779153
1853086151
773891182
197160153
804369181
2022158155
334887114
751525157
1606624158
275897176
1008476191
1508119111
263477162
37369172
1498556164
2029113170
482234120
753095167
1854893168
1102009166
590894170
394056149
1897104172
0
1992778112
1862213129
811078207
1669893177
1412499178
535056141
522987187
471161187
182498182
468491183
1854616134
1944452185
0
609158187
1225900188
894677189
0
1036367191
66023206
1358371193
1401876221
1988476195
998315196
2146359203
1914321168
504183168
536133199
1401873198
1496909228
2031879197
1749518204
1144289194
199562177
1504271224
1702938206
0
649273210
1806442205
559312203
1049550213
1015118214
0
2081162231
1849359217
1470792218
927031219
0
1915145242
0
2034136225
1859911224
1444871225
0
1129720221
1672214219
626828283
1004453233
1643041231
0
1334491262
1726078244
571203235
1165209227
473959237
1167505238
2123947239
1554201254
642692238
498749242
1068926268
1773060244
239802299
0
564248247
1701430263
1076474249
1319939212
904691244
2051581252
824019253
141244256
1643806255
446215256
1834680257
445596258
606956259
1703228283
1473439234
1834755262
360301263
13574214
461264265
1632647293
494405267
1862381268
1788619269
2115874270
1374927257
1164698272
1751248270
1265518301
1697926275
1995770276
952860235
1806351278
2058333248
244868280
1465393310
219010293
1223760283
0
1040012258
773708286
1432859305
0
2042451270
2112875290
1059899268
1277466283
758980293
235769294
1232178280
0
1960365263
1840892298
645562299
1495907290
381617290
551568272
628261257
1606084303
1201371318
1500891306
1977212307
50032308
1626717282
1113973310
567196329
1143179311
0
107576314
275240261
512529316
0
1926676289
1436334319
363698320
1517199321
869369333
0
1873186346
690704325
898621329
2137424377
1806360343
1676960342
927455330
0
738025332
2112022333
2058086272
2885353
1321397336
0
0
1393005316
1293244298
262458341
104950342
157416343
640421344
967580345
1863639346
312536347
42275348
1224261349
738410350
330568351
62563352
372905353
1499063354
31910348
0
1133944357
243768358
33222359
1121167391
2015505361
948418362
543291357
0
1520305354
1789385353
948419384
1245786399
1918953383
1058963348
1784430396
1539075379
1512973346
1107760374
1074816375
0
1445682377
1098334389
1920770379
1582767380
0
990791382
248709400
655863398
59287366
1095246348
1474562387
1257105388
1653678389
820719390
630932377
57337392
2127198374
1822286394
2096562395
1169693418
1584016397
968228401
815821399
1534663400
894760401
1031238402
0
0
1289273405
372338425
473685409
1662148358
371777438
1975147405
1669533436
0
444876413
1363901433
967845415
227757431
435627417
896373418
1453140419
1547088420
1669150421
1480354409
948927392
1267254438
1506444425
1175317426
1795995421
1799700435
1347550402
38585430
566272432
1260949415
1871872433
1967287476
1489006435
1314349378
0
457003441
163841441
1794905440
199392391
772805442
1758211405
774947435
2064775467
983828446
1621764447
869707398
1496123430
1469220477
321758451
487379394
1860553427
1192313457
0
1181911454
776552457
0
1865744468
1864497418
0
687631448
0
2073319464
58477479
591800466
1236250492
1994823475
0
90065470
125914457
0
312091473
0
1022053475
116207476
1655633477
1011552449
2028283479
117481526
1981417481
131640509
285343483
1873646484
0
0
931499487
1081664488
1512536489
1679025490
519452491
1297655492
1858185515
1322281481
114302464
445332526
81067497
2040598525
539343541
943139500
542070501
438866502
918990489
295967504
0
542167506
689126507
345512483
1694089509
410085560
2038983511
1690782511
2061723494
2040454514
195333557
1585249523
0
667314518
1975815519
124496520
1658574502
0
410048523
740726499
1837008525
646288526
28960561
1943197528
1795674529
1258716530
2054730525
1310395539
0
726945534
2088060535
1525564519
0
1110937538
193919539
1081770540
1350552514
1143465592
694095543
1226243544
0
702528573
346671524
1526733555
1772533549
2057219521
775742569
60788598
529672553
0
1030529555
1846334562
966888562
1824778558
601248529
1487485543
1503454590
296498562
1523383563
986199564
1051049565
2018029504
1111736567
0
1427090569
0
1208361571
146740578
1510497573
0
709985575
543931559
2124527591
1652796605
2078416637
1197534580
1696480635
1465165582
0
0
1933672631
0
815646564
809530588
2122836589
448899590
1111414560
667245606
60455593
403307605
0
2121149571
2118210597
1140283632
699218599
491608600
0
2027498613
1282587603
1640368604
1990191605
775401625
175232609
1829038608
1635542639
771242610
1610140611
1688640612
2023461618
81560614
193127615
1553546616
226682598
2821613
1441191619
1677632620
967916621
117592622
2043347623
593572654
328432625
1258354626
242988627
0
750908618
0
1962367631
1176751662
313801633
0
1951552612
23823658
327741637
1524300609
2131593639
176405640
1911543641
977185653
367417652
1828414644
0
698837646
1254186665
794918648
300069646
672815644
1706833651
346046627
1079389653
355918625
209169655
1443380622
1422740657
181924620
221791637
1692875667
1805420661
84015662
766144663
1961455664
772614665
817278677
1767916667
1233972643
961593690
2026052641
768432671
0
1821332702
1444493674
2128855621
411185683
938412698
1994397678
1517892729
1841723680
1564856681
0
1648511708
445992684
161305685
1616724686
832483673
861420688
1437856689
997269690
1202973691
877196683
353882747
1889577694
381487695
584433694
305104697
1273018698
858077699
724513723
945712701
147775689
2144395657
459633686
473469718
1541505684
1546886707
112587708
1747221709
1228845710
685059649
1089788694
1887375711
541560714
0
1942698716
0
2071990718
1637176719
1104999702
121025721
537865668
863684716
1687533699
1363702746
0
1412100727
0
367307729
1974283756
1425368731
469128732
1614071722
1903698737
891540735
1579921782
788662737
548034738
0
1106997740
1144536731
1725751742
2039529743
764735806
0
407753746
1549396747
2038635748
184450691
993394721
1884036752
362123767
543671753
561381700
0
533483763
1671319757
562790744
1644247793
1190788760
487380761
1427712708
540482763
870329764
1278151754
1664449766
561720705
88699768
138561769
1657251770
1987650771
781128772
547497773
131201777
1951790760
758649776
749431777
1977052778
455635779
652448787
663392786
321875782
2080918752
1655450815
916745735
225237796
1608988787
1358535788
394238843
999739790
579179792
782660775
694806793
1921602772
279299795
1607028771
1230000803
983082798
12797799
1850371783
862966798
1075978797
1651951803
628080804
969669805
574326806
2000632793
947540854
0
1153236810
1320706757
1758106812
919443813
1124940817
431558815
1734908846
2013015830
594919818
954381796
1221521820
1891902821
0
104176808
344802870
1476323791
2019902826
1625989827
1430373828
385598829
2038693849
2012245831
591972832
2039781846
1866172834
571387835
1212520859
1358995810
1247999838
1664979808
516710840
2144784887
702557842
212905843
54993844
122257845
676875865
1369941865
24335848
1271370849
207481850
216341851
1872613827
657931853
609068854
0
1196401856
268269857
1945488868
548464859
1822229883
648511850
1533467849
695488832
405531847
1626269865
220837866
1648980925
1747172868
1738180890
1226006888
798895840
805091903
1249556886
304591874
395925837
595783930
946411898
1054342878
1777858848
1288148910
0
1152369861
1949272883
245113884
1495082885
40256886
1531710904
595310888
169929889
153447890
1914738891
1562559883
0
544470864
629884897
0
413314897
460051898
744388899
442682900
1722959901
1236229902
1063570921
1537586904
1945031934
1263093932
1996756907
1549883962
1470421909
1228937910
1141001865
770201912
341715959
0
776900915
1722601891
552468917
99558918
813794905
2128533951
930785950
1162511922
589787923
18577947
923902963
1770873926
1767942927
1949989928
0
1950702930
1145580931
1718245932
693896933
899276934
780943873
267872936
1284188950
1220578938
777686939
1393868940
1911468941
3106942
1451536913
328612944
596782974
1811541946
178947
136401948
1129565922
1055510950
1354558951
910101983
8391950
1901558932
979196955
483626994
690827957
838496958
2094699959
2016147960
2112428959
137640989
1866243963
156571939
1207272986
432645969
1890940967
1258822968
498476969
929603970
0
1157845972
98309995
978753961
1115961960
1788329959
1842445977
1562404020
1072242979
43267987
714719002
1220948936
1643900937
1508755983
2025344985
260298044
771306965
495256963
1831852989
1852095024
36549991
1177950007
1900106039
1403597021
734313020
1764528996
2104677051
0
883239968
