the number of flows in the d-left hash table: 871
849149000
71486501
0
1285760503
474694504
2103409005
308725506
2040042757
1097458758
1706606259
396686760
1469403011
18300262
1575848013
1973163764
1162325265
2081280516
575324017
0
1852037019
286827770
821936771
1619842772
67566273
150801524
1237329275
1078740776
1879824027
1575867028
73752279
1310070780
0
1687226282
1407201033
520435284
2095345035
1292917286
206294787
78625788
995193539
15023790
839426291
983199292
991115043
847558794
1644327545
2023076796
1471402797
798145548
758098049
1386570550
1047677301
1437717052
1352349553
52447804
1296004555
2042017056
1509756057
1859600308
1957975309
13100060
630418811
1575684312
27216063
219702064
1836575815
267280066
628725067
1577343318
1159393319
1164149070
248403571
565481572
1733003573
1238025824
1239357075
1326189326
169374077
88854328
73297079
1814397330
266072581
1658326832
25929333
1922357834
1196125585
2114361836
1161251837
1850996588
1592051089
40334590
1833373341
1311950342
1674321593
1032309344
768629595
1174973596
337126097
1543840098
1114554099
819993100
1584797851
153323602
1265963853
55935354
1498363105
1749545106
1105426107
2116088108
1796466359
806884860
645634111
1966160862
1206902613
42285864
1065030865
973285616
2072918867
205232118
1627903869
1093876370
1080373621
844498372
1144095623
557676624
408523125
1931424876
2036844877
512248878
1529642129
1353463380
1445871881
162615382
1056674133
1112616384
586280385
1240003136
1138274137
362361638
935960889
651459640
123392891
1945504892
1268662893
1518272894
646864645
0
173194647
649245148
379917149
1387194900
1816359651
732161652
1350943653
1197910654
1409150155
661781406
2133551657
927614908
1941580659
451720160
841718411
1194004662
403319663
2025931414
430435165
1689772916
1163465417
1970475168
1316204669
1178296920
70164421
1932769172
1639833923
1958391674
388128425
706973426
1028677927
456836428
903178429
784183430
0
1552984182
316162933
1348899434
1810730935
1858949186
944149687
956302938
899028189
1190635440
826150441
565706192
2009489443
1049428694
399563195
2066678196
1666585697
971124448
1018533699
1088445950
2079655951
1346091452
1498494703
1017524954
128613705
209889956
1999615207
1813333458
2101551709
556358960
519942461
1524740462
1254494213
1712115964
1344711215
1405114216
1940096217
1805471718
952852969
1578139220
2073027471
1631142472
972394723
1417839724
440461225
1720490476
505043727
1042987228
154695479
2075826480
591413231
419043482
1384745733
1938201734
951275235
639886986
363887737
1945224738
1714920989
222393240
897325491
552527242
1883049743
1279623244
122441745
751067746
1741959497
698133748
1341606999
406107507
315961474
966981735
1168358782
681283241
1576353994
469405009
2091880286
9835237
159371038
554152743
109581004
247132019
1222011232
720281787
211393262
1300862245
1271668538
1646095751
1815452274
366340011
0
515602041
1034890040
570540269
1928651546
1945073775
696471806
923481773
1921151804
931368001
1586723802
1464086753
421390030
1205481045
529789306
1608423273
1145677304
1007091271
321663794
280254809
1741146546
849619267
1689614806
1031055527
1936194280
788518803
526981294
1379928769
54631062
1188407521
1070779322
1157983059
2080553550
710080827
1240432302
0
2087556038
402880823
869698528
1948033805
155867836
864450787
1730008294
295092817
1305604554
589330061
810831830
1044281797
1418374844
0
705928088
1616134317
1369871300
1609194839
370763100
306771297
419328606
1043478835
580201064
497147357
1778660078
993568339
1853129584
250205583
38146304
1400491351
251532334
217499809
537118824
1980097315
1795272330
2052966623
86641836
2081550359
1935807080
875005111
1242143864
1806170617
1372243862
1971572583
698507860
1426937827
204575858
807245627
486287332
1278359855
508966084
1894911591
934432836
1840566605
0
1176581619
190015848
1758720633
534160370
1353104893
570052630
1213022137
1461082398
661821873
2099772364
1710993347
1516986132
2535377
2061354130
676520621
1487696620
967152357
1758740356
0
1751406910
1010112353
1882430122
917636153
1100600612
1545417397
1901435364
787271625
2055873918
86671623
1611467162
1600366899
752845128
1995762373
1938055880
1840504927
289949386
347001647
282744662
1717719415
1126094168
261088921
1615651872
806133903
210351934
1185844393
2016881178
1663745637
1574267668
432347143
265371928
329888189
1268157434
2091036909
212906154
797514153
1618687136
2106687397
606983920
1698705165
1642054410
1482037163
0
1006630669
2082034668
0
1204843912
1313318205
45474926
0
1497604170
306061677
179740430
41126461
1042158920
883039705
2087171180
1312471965
1425531440
287126455
1095872160
313263175
1018464944
674954975
2101676942
66927171
0
1469356677
136371430
1648638183
114320936
1449584673
372236934
1093701981
1383682440
928210701
1863958962
0
544431944
293345189
244272728
1753600989
505491480
867165971
995497184
937099739
1772597444
561793705
1917324196
2046287735
929380718
1175547471
643726486
761812977
0
1548322221
610187728
1432174743
1710270480
1478779725
1219351724
403610477
837214476
969894475
149336966
538747259
1967570210
1954046471
1540255716
593378731
792742992
1820640761
1073010728
265097219
1984044758
0
0
1348563771
1927325278
350063276
0
1180143274
1064722553
1323410288
0
0
2102975271
1720356776
0
258674806
1512378545
1329070740
1934668773
0
791680049
2089312046
877999523
1078584044
1481386013
1990649486
165786797
18096564
84422335
354305482
2096436499
490184822
1205003315
689672820
144942591
448313080
760438985
0
1620115047
0
1922755045
1532558978
638447503
478903762
526020485
1714957530
511244745
0
1359843037
350534836
2043937987
1218257064
1335013001
902383094
505004079
827959354
1555884601
613809582
1120513321
0
1227380073
185041840
0
958959870
1656919871
1207645772
556362099
0
1470402097
2016864522
2139209571
1642101504
799773109
0
719374551
1624339270
609860057
686837760
1529430285
1942054544
1096129561
925413360
1617011265
0
0
1033804570
1582183849
1723067386
836972831
240312892
2015937027
396997612
272675121
0
0
1066212298
292846791
1954645082
1873226591
1684511834
1392479311
1105696618
616565341
0
0
0
350570845
89017398
1821195891
696783562
104595889
174076544
0
1595412408
1289459885
1687455422
6902899
255737126
503537127
1338522568
146390371
96390368
620513647
1124116922
478915613
1979257380
418142103
608749314
1362499609
1749805574
571432853
365351668
1770942097
1873863928
0
910917434
2072110879
664411074
1512944845
0
1051871137
559176578
1563021825
214398084
862605165
677319130
623815131
1298207652
2091208701
928098666
584121881
333541418
1516460109
184157154
0
409097088
952400955
0
491368691
1341320950
242483705
1121098654
1076687901
862714914
20169867
0
0
1357301926
0
1142242908
187055631
290042644
287524217
259097198
49863889
1245534966
0
244802900
242420211
959327620
1843479883
471184928
0
1696228990
1142994237
851535218
1473898235
1723105446
1836943479
1542022952
338701905
116863736
502346229
1017742424
985174949
1755616652
928549637
263451404
1672623207
1461559466
945227007
102828972
583828449
1568684970
1972371399
1980679984
0
1976283918
2059645229
169924964
0
1783478930
625404963
1786694928
1393647977
31929022
1109454269
2113151448
88111973
0
333394201
1256628690
1221351707
866888490
1768980427
398222916
1032649933
2144148946
1996152225
654362190
0
1870653466
0
0
1276800481
872217526
44473789
891455952
2019249525
1150265784
74738705
149322440
1519818045
1429648732
433292797
1602506960
208414501
1707327680
1258198237
1490307742
0
262915740
0
1752885444
1097631803
0
705459310
174453935
0
0
205037468
0
1062261332
748167957
0
394191103
905388942
667625331
1684197920
0
504773922
1016905061
2099051092
941306571
0
1272287355
794749976
1301654365
1833989840
1997882101
1551479682
0
1412199216
1011921711
0
1584891939
0
885658359
0
1677439079
138600458
1244728977
1304718
1389304253
154470946
435473101
1621103592
932205499
458597884
385214219
47279854
0
561553622
460136965
0
0
127299982
1075595847
0
2100316365
1098128630
1004342399
895230730
99463377
0
1678910525
1023433218
0
1978418654
1935327771
0
465647241
0
0
692076354
803448413
2108316412
1340533859
139372608
1693366377
1034669658
2054899161
1561445524
0
961479880
786673915
1630415754
1315979619
1085452142
0
952426040
0
470814170
2056718763
374239544
2144615409
0
131435283
904366758
0
0
1672641633
0
0
1979871014
1523583799
0
0
1400576316
0
536374286
0
682273038
390917557
1462889684
1603744575
980166542
1285284771
1541482536
1822294539
1887843448
1136270661
1108394274
1433976953
0
0
1645733212
1930322329
0
1250015443
1551580032
0
0
0
0
1966668095
302567570
1431984815
256096548
0
0
0
944377720
938232345
1611734312
965302315
1739138572
581340607
401292606
992075553
933769454
0
0
583602105
1157837322
2023153059
771224332
173208859
365643212
987794361
0
0
1368043998
967282623
0
1297234359
1092008124
92824321
509592320
8492847
1324007006
150825631
1255354218
1310531335
1175394084
0
0
1389662871
247514998
0
149064372
1278035585
1634581744
1568695255
2074749094
250724105
183156894
0
0
378440367
0
2019280231
0
0
0
1190089607
0
2026968285
0
0
0
0
0
0
837661856
1124133399
0
1194000409
1892192996
358811161
253255490
2041269655
364491420
779110761
1471783284
1998559159
0
184818039
282979878
0
1033050428
1395611149
411982292
1939287279
1093539012
0
0
1478733767
0
2132800391
1979322882
192999795
1265620908
235871071
1068707070
0
407899662
1067053293
16799656
673085295
0
630489813
2115748046
0
273091580
0
769880566
601758529
1114175908
1501177805
638003836
2081017283
833124032
1083040165
0
