the number of flows in the hash table: 819
303738000
1853718001
376061013
615244003
0
758175005
1822938006
0
1790347008
1679599038
0
470493011
520160050
315320051
92570014
1253808015
924467016
933487017
906339060
0
1181929020
282670021
1812602022
973802023
49692024
0
685684026
2106755027
649751028
1538298029
0
1835309031
924712032
1633653033
0
1813245035
808987036
1140847037
439811038
0
1938189006
2011516041
1968961042
0
848905044
228886051
0
484223097
892460998
1434576049
2059398050
699389028
632299052
487676042
1235064054
783430055
0
461470057
1140981058
1521719059
977248060
0
0
0
1125328126
310836065
0
1110362060
701612068
1392388069
0
807801072
793415072
0
1149114074
0
1080050051
2094757077
1479569078
1830805079
0
446307081
593941092
1219633083
950571084
245594085
191154086
985509087
1194832071
457785089
378271090
643905091
207482099
1973180035
1261085113
1239591095
2001838126
512313097
769632098
844108099
517080123
825268101
0
432262088
2135495135
1729540151
0
2030687132
92350108
663570109
1585594081
422877111
0
1471623113
565114114
1294577115
1129801091
365448117
0
0
1071385120
633396121
0
769897117
313940124
1751892125
112501145
440126127
1801701128
1366462126
426576157
172713140
1750157132
1843664187
1139160134
1572390135
981295136
30188137
1137801138
1362177139
634425098
0
0
1031143143
1441942144
618225145
1569015157
635351147
77698138
1702585091
1146132150
581819151
1080624152
1700501151
989464154
0
1761158156
1437108157
1309563145
0
1710141160
75164161
1284720162
1484184163
288028164
1472954165
136301169
1989893167
1621000183
95439169
0
46086171
706775195
1459710179
1651367174
1196631192
908403176
856470177
0
920236179
1558099180
1151153181
0
1370150183
712115183
0
347798197
315538187
1323411179
698301189
859738190
29320191
2093813192
54494193
0
1080512195
637475171
2054254197
387359198
1447772199
1800933200
1842474215
0
0
1386826204
65303205
1045631225
1252367207
1325146239
0
195168205
2077644211
0
470220171
88722214
1264614215
561507216
1431291217
410153218
1445778219
1354968220
1271613211
1054885222
389811241
137816224
1434533225
839547205
832596227
683885228
694002218
1366715201
260965231
1385300232
55968246
78335292
408207293
0
1784612237
2066350238
937494239
1987241240
2016464238
0
0
0
0
1185159246
0
659096248
423163249
1912183276
147803251
869671252
217979253
288975272
1422949272
1460339256
666876257
1683983258
511717259
1012026260
0
140363200
1332753263
1566106264
619561265
1272721266
1297153267
1252166268
1740907290
1810756273
258348271
93813272
37805273
1817181253
931996268
994673276
1419500277
1248891278
1853108264
1303719279
0
1263356282
1724850283
673921338
1156632258
954028224
1181113287
824047288
0
465058285
1707627291
1107292292
1577643293
2039115294
0
1763894279
2042689297
852485298
1088493299
1036734306
284396301
0
889916303
1430581287
1089263305
157298306
375687307
275784308
1912993315
510310
517942311
1186760312
323714313
1952962314
193606324
1059561339
81663317
654602321
840674319
57453366
1066461321
1598771322
177689323
110557324
434469325
0
451449327
1608328
0
463795330
496630308
0
2791333
1183989321
1239425335
992366336
1572625337
61252338
2019187348
1391992340
1764051341
328024342
0
0
1272646345
926301373
1114812293
1021839348
287824322
1311439337
1173869351
1199233352
1441672353
286353365
720549333
0
0
1070213328
1240420409
0
0
1888655362
548131363
68133364
1429453365
2108566366
0
0
0
0
0
512980363
1136945373
2115765374
966843375
1862832376
0
1598307373
434144379
1993426380
2002905381
168329401
0
895352384
278301398
1322634386
339623387
96964388
1376151389
1784309424
1492337392
1721901392
1274714393
1838446340
540155395
1650835396
2033225397
1535585398
0
1781145400
855256401
1288144402
0
768708404
0
1486448406
1227574407
0
512886409
0
205834411
1763091412
0
1416088414
440015400
1686506415
915758447
0
1107931396
310679362
0
878666422
1790198423
1768006424
1807239425
0
0
1798415428
190032429
0
91778431
442079432
1413299433
606348434
1355610460
610168436
0
1275160438
1177954439
0
0
134538484
64625443
0
1907885445
63043446
41136416
569368448
0
0
2185460
923581452
1586741491
0
1260105455
764364438
120016457
0
1935846436
1780531460
0
1208698462
69861463
2108953464
1356067465
0
1958277467
0
144187469
658627470
0
2055143472
1772449473
1223643474
1069101500
2007755476
533363477
1190165478
1204449479
1248300511
992156510
0
916933483
1825274475
989177485
1920146473
0
1763866488
994413489
511232501
1365731491
1800932492
553115514
0
2042356496
1423379496
895174497
97195498
0
409568500
1266548501
101019502
873763503
0
1265199505
1941171506
2050415507
741800508
2033824509
1157664510
576715496
376601512
0
463045525
492419515
17902516
961179490
1129055518
835595488
1187322503
921572521
0
864071523
0
1340414498
0
1834916527
0
770025529
1301452530
406181531
0
1564054533
1358935537
523405535
1162425536
1217198537
1741447533
995374539
1876835540
722968541
0
0
23364606
339054545
1862553546
809292605
23286548
580587549
1492242550
1962786551
0
1591057550
668232554
0
238431556
627236562
0
414340559
255136559
0
606143562
570791605
1948731571
0
0
1774714567
1616951568
1390361569
407944549
713720548
378357572
0
536597574
1862698575
1945499576
218900577
121173620
0
420307580
0
467804568
1866806537
1020861584
951634599
0
0
477087588
736528589
2024644560
1333052592
2093906592
1735901593
1636261594
1997198595
704519603
1253424597
738762598
1967182599
1819932550
667286614
0
1392741603
1952496604
1947546610
193090606
1106708576
460660608
1672655559
1745189610
2135347588
0
815356634
729185617
0
1351809616
277541617
995174618
350356619
77414620
1370568595
0
1379161641
549936624
2133933625
1800658626
1692806627
975345634
1832543629
1033399630
1578303631
0
0
2108607660
0
0
1906747595
207726638
0
1225682640
1914734638
1900339642
2124662643
1520534644
0
396284646
184941647
205943648
1064598649
0
658347651
1526652
1317477653
394837654
246991655
542652656
794886657
1236556653
1272500652
1999094660
802472661
797089662
1790657663
646797695
0
903889666
1608651667
0
0
482844641
1598775656
2069351672
1392506673
302967653
287243675
1574237676
0
1432811649
428875679
1463147680
1604819710
947211709
179388683
1820499684
1109262685
126359705
1928143737
1922252688
1112027689
904743690
1105196691
494774692
0
1202943694
809892695
375098696
1040808678
1758551724
2115471699
0
1850049701
1042369721
276377703
1653178703
446059705
1756508706
1092663707
800238699
2046878709
1713120710
0
1311667712
175572726
1753055714
48129715
1651737716
196801717
1247750718
0
0
1428050721
0
2100316723
496947762
733704725
254991729
1199404681
1863792728
1883051729
1490293730
1209745731
839207732
1274989733
0
1750757735
746510735
888343718
1054621749
881781748
1266660794
0
2093823742
885459743
1896397743
1753529742
471486746
1382804747
435763738
1274931749
0
1360735801
0
441210815
1327609733
2028875755
1233615756
489221757
522765696
1068216759
1118062760
1208051761
27299762
1749980763
1645418802
536034765
1778824737
0
913730798
888400769
0
1692831771
0
1878781773
55229774
1451567777
91835776
532242777
1293395778
0
1727936780
239281781
1104847782
1665889783
1732254784
433126785
1864662786
119369733
0
1827599789
1878344777
1986475791
1194436775
0
538764794
0
1901245796
855308797
1105202798
0
104722800
1458918801
421389802
1758906803
0
2099644805
343491806
0
0
0
0
239496820
1862136819
0
1771701801
583847815
1047115816
1828679830
434194818
1028997765
51194820
1002944821
1973795822
0
1068583824
1204180825
0
1644762869
1323670802
92625850
2098315830
1410226831
1588646832
0
31124828
1233245835
0
1787467837
236199838
520037839
0
0
369516842
152144843
196358844
0
0
782387847
0
1981722849
358863850
926005851
2034233852
0
0
1134695855
58886871
1519384838
666368858
598741859
511528835
0
0
2070144832
0
576317847
1150561866
880017876
476051868
1835212869
991146824
1613751871
555399872
1280865873
191188874
159652875
814990876
6433877
949320878
0
1092757830
1580920881
1837264882
277513883
1861656875
1372593885
901297886
982021887
1567696888
0
1222490901
1005501949
1921127883
1938381893
588329894
0
545738896
599235897
1216137909
1726769899
248344923
1121749901
254809902
873768920
1342536919
397279934
790552906
0
413113908
380932883
1013911929
0
0
659148910
911424914
1392223915
1798797916
1771748906
2053007918
1615491919
499033920
0
1845427922
637075923
448025924
2032293925
0
583711927
519263928
1536121929
0
2101920931
301926932
1911791933
689581934
827169936
757638936
852004937
0
853162916
2033915940
202077899
948714913
972479943
725486944
0
1418865946
1872425947
1725807955
1274950970
1440861888
0
1324080935
755551953
1626831954
928138955
2000068956
1466125978
438184929
2057904959
0
1780999975
703764962
246582963
491318964
1334693970
0
1337885967
292767968
1472766919
277468970
1906021971
1517265972
149591994
806843974
947005975
1984736976
638387977
1781915005
761327957
1227193955
1933263986
0
110094983
2104178984
508580985
707591986
378552964
0
1518550989
1458400990
428402991
252855992
1145048993
773473994
186207995
367518003
1820275970
1147370998
889033999
