the number of flows in the Multi hash table: 825
0
8254001
8361002
0
0
716548026
1035202006
1123545007
1111851039
0
1876056010
1590008020
1371912012
1890618013
172245014
2144802015
870446016
817042017
1231800013
1147792012
1981232020
0
0
1920402023
2076397024
714170038
950145084
1323863027
236992028
22424002
0
590849081
1838912032
1031528062
529801034
1892284035
0
1051201037
1908635038
297606977
1541528055
958156087
1109651042
2111150053
1253664018
133080045
410094046
916724047
0
1766628049
2071154108
1004527060
0
170815053
1443725054
1112201055
2118760056
1798907054
1466996058
1062946101
189397114
0
1595587062
1180607063
29105064
1564860065
1289371045
919339013
1031551074
114214069
1000722070
647104121
1874635072
508784119
776135074
620435075
0
2025398050
751548078
2008210081
572762111
602050081
0
1493784083
163322084
0
958443086
140579087
941732088
1304548089
1991923090
728786069
89048098
1706359093
1205617094
933078096
684050096
681528097
165688125
1071985099
585449107
823704101
1128625102
925247103
1994380119
1963595134
1214663133
428859107
939547108
1428876114
482036110
827705111
1127243094
1788034113
948161093
608035115
602940116
560235122
956310118
694823119
2132720103
447581121
1309094122
0
627144099
1724935125
166931126
335675081
837303128
1670851129
1654839130
202767108
0
1458514122
1827014134
1471302089
339465136
627537137
878170138
1471840148
0
100604141
1873282113
1338779143
1543853144
2015678174
1407404141
27047156
1904510148
0
378417121
0
1085074152
34030153
1157281181
1824034164
1687860098
1797100157
863807112
1244718159
108559160
532679161
1799683162
922738163
235076218
0
1941981169
1151198167
0
701783169
1885564181
2095868171
0
0
1874232144
0
0
848488177
1324159189
980711179
0
1005521181
0
0
1181492184
0
412807186
1178949187
482476163
219164162
386772190
0
1446684223
1856260193
646212194
0
804608196
516796197
297652198
535838153
0
64435201
161256202
0
80256204
470602205
2058800209
115748177
2101487190
62860209
1733128210
1555243211
1526544234
643568202
1503195248
1716925184
414178216
1563424217
1991264218
589676219
0
1796252163
0
1915611223
0
1929145225
955773226
518903227
407013228
1271872219
1404706230
1818661232
990054232
1156196246
860650234
0
165377236
1853724237
986503238
10634239
934511240
1055960238
1739869188
214314268
581983251
415759245
481430246
889571248
798220248
1059331249
0
1886639251
472988227
864231253
272136192
1646819255
0
1715824257
0
737604253
1719162260
1103147261
1898108262
178276263
1011453263
335316247
1623309266
1653003292
661507268
1458316269
202811289
0
1790512272
1293788273
1668326274
1882641275
691612234
401832277
2014447278
1847875279
1699988263
0
28217309
766863276
689953284
1630647243
1813426289
30574288
1075515288
912753289
656139290
547086291
886653299
1461147266
639310294
1253996295
1160449326
2095457294
0
753221299
1544705322
997718301
689355302
456272303
1972736304
260907287
0
0
0
1085368309
1743426310
15772329
1023255312
711517313
1078329314
1739315315
0
1913304317
656742321
1666943304
1805313302
978482321
1740508349
513554323
794778324
1421691325
360270326
481965328
1445427328
615467329
0
2118263356
0
37035354
1904018334
104745335
0
804096337
1460429317
1768682339
613890363
1644027379
1941921342
2119136328
38151344
2078735342
1720960346
686680347
1269951348
809780349
2062380321
956901351
1572115352
1758639303
1150984354
2044170355
1184324356
78395357
1493718358
457307328
0
1124962311
0
1790147363
2063715387
0
973977353
511084367
986052367
744566398
2057422370
299168364
484522372
796923378
949297376
68934392
1304568326
1930610377
127135378
846235379
1728526380
941669381
1561273401
1027634384
2038897384
556802385
663257386
1314844412
1741657388
202229389
779541390
1237742391
652407392
1648794407
1126187394
1693661388
0
848989397
271221398
0
0
2098892401
1782048402
21598403
216491404
1651454405
1998677377
1845981407
435489408
751676390
0
0
270419403
1694873413
1911723432
0
1586569416
2040885417
1405765418
777097419
1835655420
545795394
1917448441
1407410377
45742424
1051177425
1648670426
821984436
1614740435
1703333418
597277417
874469416
1242626432
997366433
99606428
1867618435
1310458436
0
1905954488
1901379439
1317459440
2057992441
0
0
597389444
1200870445
0
949920447
532213494
1575238449
0
382341451
839768452
1772682453
0
0
0
0
1590074458
1901110436
690170460
0
1945761462
1996479463
959889447
331545465
925462524
231121444
230002468
1291510469
0
414169471
1746303438
2107111473
1017434474
1896074475
779908476
2005967477
464307496
798411479
0
1099759481
1172641482
49629492
1253838484
89116485
0
0
605494471
455752489
654801485
320650491
459286467
806258493
988267494
1465195495
1721062494
468343497
1942539476
1442931499
60392500
1483554501
0
973065503
0
460033505
1210349506
543192484
0
926921509
72658510
507568511
449409512
769985513
7401514
481941524
0
634403459
0
734795488
72018520
1591514521
2049620500
1945651523
42592524
1432856525
1021167545
1150723577
2053766528
1636721529
604746530
1490160531
1095086532
1464955571
2087113534
1549910552
0
0
0
0
1209695531
0
647027542
1431455528
1102692544
11641545
1561395546
1556377547
1812132548
1939513549
576011521
1365713585
1279088552
0
1263516554
673668555
0
967052557
33386558
111898559
0
206092558
1535873562
1603107563
1460479571
951555565
1720376566
605173567
206906568
0
1780578570
2052408548
566662572
1358511595
1146713574
294257561
1923591559
1166231558
207396578
1808574572
1145840580
0
1551157582
0
1974570567
985755585
0
1655093580
297650563
277052589
1469347640
0
53698592
992939593
0
1249261572
264531603
1804299597
1520915598
1609281599
0
2088948601
1036353602
895676603
353748579
1493587627
0
1368011592
1669526608
768153609
0
0
0
0
625475614
1413747615
1426364616
1949575646
1792187618
0
406759620
382646621
0
1622713623
2096288590
1903440625
0
2102514685
1912425628
1442969629
0
0
1317774632
0
292815629
0
495335627
1809257637
649181657
0
1389981640
2026240670
2035928642
623056643
0
807481645
1124367646
1936918632
1297448648
0
199042629
963874651
0
1670174653
1233805654
906501655
958564656
881695670
66242685
1308261659
0
0
0
0
0
156657665
0
0
1905865722
1158518674
1373607670
1135764671
1731614671
1020979654
1971151674
1868712700
1040259651
0
1011283678
1748810679
1114947680
663862681
1144019682
0
0
50101674
457296686
643593687
0
1699554751
1982853669
1232536691
1631701692
1611285693
823564694
0
140824646
842219697
0
0
2143398700
1870045701
623076673
357459657
1470750704
1542459705
482502706
586772707
0
3887709
0
0
1772669742
1808098694
665815714
1585029715
43441674
1995203717
1417790656
2107717704
1309748720
599416721
659857722
1779746717
233427724
0
0
682676727
2030585759
615991729
0
354848731
2044488732
1642430733
302845734
272694735
1837375719
1401990767
0
1160541739
1698049740
0
105031742
1884812743
71822744
2007880758
2085224746
0
1965144748
1110069749
1203707750
509429751
790074752
1775002753
1603637754
1110733755
0
1139465757
341328758
1397890776
0
1548285761
1625373820
0
1027877764
2107977755
353761766
1455495752
1398333768
1739224798
421583770
0
665288826
0
0
100980775
44112776
0
1520774778
0
1060138780
856684755
798032816
1283888783
1363564784
35401735
1361951786
2065848780
46510842
0
2046169790
1601036776
2056958792
1665441793
0
2010236795
822128796
938368803
487047798
2015643799
1202135783
0
1182825813
1479236828
1744716827
597347805
1866937806
1633339807
0
533085775
1226659810
0
1659181812
1675278786
864965768
1472926784
67996816
169843817
1183712818
776301796
1584878820
895170821
1095095856
1765535823
0
1847176775
863752826
285411820
1083775828
1618103818
2048086830
1838120831
57560832
1107151833
478580861
0
0
1534394837
228984838
1156296839
1182437840
905213841
1182601842
476684852
98660844
0
2066486846
1443526847
1555660848
687311849
0
860653828
1913307852
844098853
1839401854
495512855
938420806
1520721857
1803956858
1716021859
0
1848667861
0
910411863
1905122864
29300927
1127592893
1266461867
544171843
558233869
1330910870
1929091871
578459872
135507873
1603784874
408014875
1505073876
1690206877
1610895897
1921026879
1151142878
444912847
573711893
891692883
789587884
1238400885
1912440840
0
0
0
0
2072020891
1538612867
505749893
1226661944
0
732504896
825272897
0
72660899
356632954
1922756922
0
550995903
709929904
579779905
1256319900
1886719901
1851955908
719668909
0
451485911
1346862974
0
1360815914
368248915
0
1080184917
347309918
0
1039918935
1705199918
1956066933
1894022923
966021924
636889925
0
1160874927
876401974
1572648927
1155945930
585867931
207668932
405055933
0
1537762935
0
0
671437933
2001958939
1892178940
300512941
0
1039895943
1228198944
388637945
0
451163925
550807948
22820971
725393921
1294576951
920143951
1968006953
789033954
1014985949
0
671347957
133454958
459364928
1780970959
1246812990
1945266962
1335317963
1448510964
620810965
0
993410967
1550676968
333026969
965122970
1926946971
1846556972
0
2074311993
2140091992
0
1769662977
710228020
292908979
681583987
1852714971
1324811985
120382983
532776967
1697270998
1371130997
1958951987
663350988
0
2111076990
1310089991
1091342992
64184993
1163616994
1687439941
1705015996
1902142002
1528751998
0
